638215018
638215111
638215183
638215632
638215683
638215719
638215792
638215918
638216032
638216061
638216419
638216504
638222579
638222655
638222691
638222801
638222978
638223039
638223369
638223370
638223456
638224015
638224038
638224064
638224203
638224251
638224261
638224386
638224433
638224459
638224606
638224623
638224630
638224638
638228967
638228972
638229068
638229124
638229127
638229164
638229227
638229255
638229338
638230040
638230095
638230186
638230189
638230223
638230245
638230310
638230333
638230340
638230412
638230415
638230418
638238236
638238287
638238367
638238387
638238733
638238734
638238735
638239113
638239118
638239166
638239270
638239287
638239289
638239290
638239291
638239379
638239382
638239383
638239819
638239828
638239830
638239990
638239997
638240017
638240161
638240186
638240225
638240456
638240484
638252552
638252560
638252564
638253038
638253124
638254018
638254019
638254024
638254440
638254476
638254574
638255312
638255960
638255964
638255970
